[0, 0, 0, 0, 0, 0, 0, 0, 0, 0]
[0, 3, 6, 9, 12, 15, 18, 21, 24, 27]
[0, 6, 12, 18, 24, 30, 36, 42, 48, 54]
[0, 9, 18, 27, 36, 45, 54, 63, 72, 81]
[0, 12, 24, 36, 48, 60, 72, 84, 96, 108]
[0, 15, 30, 45, 60, 75, 90, 105, 120, 135]
[0, 18, 36, 54, 72, 90, 108, 126, 144, 162]
[0, 21, 42, 63, 84, 105, 126, 147, 168, 189]
[0, 24, 48, 72, 96, 120, 144, 168, 192, 216]
[0, 27, 54, 81, 108, 135, 162, 189, 216, 243]


b"\x16=7}uT\xca\x94\xae\xf5\xf5:?\xaa" \
b"\xf0P\x85\x03\x89p\xaeR\x99@\xaa\xf3\xa5\
x91\x07\\\xf1\x8e)!\xe5\xb6'\x94\xca\x85;j8\x91PWN\x07\xect\x1ft\x9" \
b"8^I\x88\xa6\xc2\xe3\xbb\xd0\xd4\xc5W\xd6K.m\xb6\xd0\xa4L\xce\xdb\x1" \
b"c\xe1\xb4y\xae2h\xf5\xb5\x9b\xf36\x83\x10hJ\xbaJ\xda\x8a\x16\xca" \
b"\xec\xf9Or\x98\x85\x9e\x83'\xe5\xf5AZ\xebN\x88\x80\x9b\n"